           1           1   3.36390361E-03
           1           2   3.37261870E-03
           1           3   3.38122086E-03
           1           4   3.38990148E-03
           1           5   3.39868455E-03
           1           6   3.40759475E-03
           1           7   3.41666467E-03
           1           8   3.42622539E-03
           1           9   3.43960687E-03
           1          10   3.45448125E-03
           1          11   3.46989091E-03
           1          12   3.48595530E-03
           1          13   3.50280781E-03
           1          14   3.52066080E-03
           1          15   3.53645184E-03
           1          16   3.54781118E-03
           1          17   3.56030348E-03
           1          18   3.57463630E-03
           1          19   3.59019102E-03
           1          20   3.59956780E-03
           2           1   1.60577316E-02
           2           2   1.60696972E-02
           2           3   1.60809159E-02
           2           4   1.60922185E-02
           2           5   1.61036346E-02
           2           6   1.61151942E-02
           2           7   1.61269382E-02
           2           8   1.61386691E-02
           2           9   1.61473472E-02
           2          10   1.61553342E-02
           2          11   1.61635689E-02
           2          12   1.61721446E-02
           2          13   1.61810759E-02
           2          14   1.61905494E-02
           2          15   1.61943473E-02
           2          16   1.61875114E-02
           2          17   1.61797963E-02
           2          18   1.61709692E-02
           2          19   1.61608383E-02
           2          20   1.61503181E-02
           3           1   4.26230989E-02
           3           2   4.26043533E-02
           3           3   4.25833985E-02
           3           4   4.25623357E-02
           3           5   4.25410904E-02
           3           6   4.25195955E-02
           3           7   4.24977913E-02
           3           8   4.24730219E-02
           3           9   4.24156636E-02
           3          10   4.23474871E-02
           3          11   4.22772430E-02
           3          12   4.22045700E-02
           3          13   4.21287380E-02
           3          14   4.20491472E-02
           3          15   4.19647768E-02
           3          16   4.18741629E-02
           3          17   4.17744033E-02
           3          18   4.16606404E-02
           3          19   4.15360555E-02
           3          20   4.14467230E-02
           4           1   8.84037241E-02
           4           2   8.83068293E-02
           4           3   8.82052258E-02
           4           4   8.81031305E-02
           4           5   8.80002305E-02
           4           6   8.78961682E-02
           4           7   8.77906904E-02
           4           8   8.76762122E-02
           4           9   8.74702483E-02
           4          10   8.72331560E-02
           4          11   8.69892240E-02
           4          12   8.67370591E-02
           4          13   8.64743292E-02
           4          14   8.61987919E-02
           4          15   8.59263316E-02
           4          16   8.56676102E-02
           4          17   8.53836089E-02
           4          18   8.50601047E-02
           4          19   8.47075880E-02
           4          20   8.44651237E-02
           5           1  0.160808399    
           5           2  0.160570934    
           5           3  0.160324857    
           5           4  0.160077631    
           5           5  0.159828588    
           5           6  0.159576878    
           5           7  0.159321770    
           5           8  0.159047693    
           5           9  0.158586502    
           5          10  0.158061162    
           5          11  0.157521069    
           5          12  0.156963006    
           5          13  0.156382024    
           5          14  0.155773044    
           5          15  0.155185163    
           5          16  0.154653192    
           5          17  0.154069915    
           5          18  0.153405935    
           5          19  0.152684063    
           5          20  0.152197674    
           6           1  0.269886434    
           6           2  0.269428849    
           6           3  0.268956810    
           6           4  0.268482625    
           6           5  0.268005013    
           6           6  0.267522454    
           6           7  0.267033547    
           6           8  0.266510814    
           6           9  0.265660703    
           6          10  0.264697790    
           6          11  0.263708025    
           6          12  0.262685835    
           6          13  0.261621982    
           6          14  0.260507226    
           6          15  0.259446561    
           6          16  0.258515477    
           6          17  0.257495403    
           6          18  0.256334394    
           6          19  0.255073428    
           6          20  0.254231036    
           7           1  0.429164112    
           7           2  0.428386748    
           7           3  0.427586347    
           7           4  0.426782429    
           7           5  0.425972730    
           7           6  0.425154805    
           7           7  0.424326181    
           7           8  0.423443139    
           7           9  0.422039717    
           7          10  0.420456231    
           7          11  0.418828994    
           7          12  0.417148411    
           7          13  0.415399760    
           7          14  0.413567603    
           7          15  0.411834776    
           7          16  0.410333514    
           7          17  0.408689350    
           7          18  0.406818211    
           7          19  0.404787779    
           7          20  0.403445184    
           8           1  0.656776428    
           8           2  0.655555129    
           8           3  0.654298604    
           8           4  0.653036535    
           8           5  0.651765525    
           8           6  0.650481582    
           8           7  0.649180830    
           8           8  0.647796869    
           8           9  0.645620584    
           8          10  0.643169165    
           8          11  0.640650332    
           8          12  0.638049006    
           8          13  0.635342538    
           8          14  0.632506907    
           8          15  0.629845560    
           8          16  0.627579510    
           8          17  0.625098586    
           8          18  0.622274935    
           8          19  0.619212806    
           8          20  0.617205143    
           9           1  0.976791382    
           9           2  0.974958837    
           9           3  0.973073781    
           9           4  0.971180499    
           9           5  0.969273925    
           9           6  0.967347741    
           9           7  0.965396702    
           9           8  0.963325143    
           9           9  0.960117877    
           9          10  0.956515133    
           9          11  0.952812791    
           9          12  0.948989272    
           9          13  0.945010960    
           9          14  0.940842450    
           9          15  0.936954021    
           9          16  0.933690548    
           9          17  0.930118084    
           9          18  0.926051259    
           9          19  0.921642482    
           9          20  0.918766916    
          10           1   1.42109787    
          10           2   1.41846621    
          10           3   1.41575825    
          10           4   1.41303825    
          10           5   1.41029930    
          10           6   1.40753222    
          10           7   1.40472913    
          10           8   1.40175748    
          10           9   1.39721119    
          10          10   1.39211440    
          10          11   1.38687623    
          10          12   1.38146603    
          10          13   1.37583566    
          10          14   1.36993623    
          10          15   1.36444962    
          10          16   1.35987890    
          10          17   1.35487545    
          10          18   1.34917879    
          10          19   1.34300506    
          10          20   1.33900285    
          11           1   2.03206778    
          11           2   2.02840590    
          11           3   2.02463436    
          11           4   2.02084661    
          11           5   2.01703167    
          11           6   2.01317787    
          11           7   2.00927305    
          11           8   2.00513792    
          11           9   1.99885559    
          11          10   1.99182189    
          11          11   1.98459101    
          11          12   1.97712231    
          11          13   1.96934879    
          11          14   1.96120191    
          11          15   1.95365810    
          11          16   1.94743896    
          11          17   1.94063163    
          11          18   1.93287909    
          11          19   1.92448032    
          11          20   1.91907454    
          12           1   2.86572099    
          12           2   2.86073232    
          12           3   2.85558915    
          12           4   2.85042357    
          12           5   2.84522057    
          12           6   2.83996367    
          12           7   2.83463740    
          12           8   2.82900238    
          12           9   2.82051158    
          12          10   2.81101799    
          12          11   2.80125713    
          12          12   2.79117274    
          12          13   2.78067517    
          12          14   2.76967192    
          12          15   2.75952268    
          12          16   2.75123668    
          12          17   2.74216723    
          12          18   2.73183656    
          12          19   2.72064233    
          12          20   2.71344829    
          13           1   3.99566960    
          13           2   3.98899651    
          13           3   3.98210883    
          13           4   3.97518945    
          13           5   3.96821976    
          13           6   3.96117783    
          13           7   3.95404220    
          13           8   3.94650269    
          13           9   3.93525720    
          13          10   3.92270446    
          13          11   3.90979695    
          13          12   3.89645958    
          13          13   3.88257241    
          13          14   3.86801314    
          13          15   3.85460567    
          13          16   3.84370613    
          13          17   3.83177543    
          13          18   3.81818151    
          13          19   3.80345988    
          13          20   3.79409051    
          14           1   5.51879501    
          14           2   5.51005650    
          14           3   5.50102091    
          14           4   5.49194288    
          14           5   5.48279905    
          14           6   5.47355843    
          14           7   5.46419525    
          14           8   5.45430422    
          14           9   5.43959045    
          14          10   5.42317486    
          14          11   5.40629053    
          14          12   5.38884115    
          14          13   5.37066841    
          14          14   5.35161400    
          14          15   5.33416033    
          14          16   5.32016277    
          14          17   5.30484247    
          14          18   5.28738213    
          14          19   5.26847792    
          14          20   5.25653648    
          15           1   7.56305552    
          15           2   7.55170345    
          15           3   7.53994799    
          15           4   7.52813673    
          15           5   7.51623678    
          15           6   7.50421143    
          15           7   7.49202538    
          15           8   7.47916651    
          15           9   7.46022272    
          15          10   7.43912220    
          15          11   7.41741800    
          15          12   7.39498138    
          15          13   7.37160778    
          15          14   7.34709835    
          15          15   7.32474375    
          15          16   7.30701971    
          15          17   7.28762102    
          15          18   7.26550531    
          15          19   7.24157095    
          15          20   7.22658014    
          16           1   10.2950859    
          16           2   10.2805223    
          16           3   10.2654057    
          16           4   10.2502203    
          16           5   10.2349186    
          16           6   10.2194538    
          16           7   10.2037802    
          16           8   10.1872702    
          16           9   10.1632681    
          16          10   10.1365938    
          16          11   10.1091480    
          16          12   10.0807743    
          16          13   10.0512075    
          16          14   10.0201960    
          16          15   9.99206352    
          16          16   9.97006893    
          16          17   9.94600010    
          16          18   9.91855431    
          16          19   9.88886929    
          16          20   9.87053394    
          17           1   13.9337759    
          17           2   13.9154940    
          17           3   13.8964682    
          17           4   13.8773499    
          17           5   13.8580847    
          17           6   13.8386097    
          17           7   13.8188734    
          17           8   13.7980995    
          17           9   13.7681246    
          17          10   13.7348642    
          17          11   13.7006283    
          17          12   13.6652317    
          17          13   13.6283302    
          17          14   13.5896254    
          17          15   13.5547285    
          17          16   13.5279055    
          17          17   13.4985580    
          17          18   13.4650793    
          17          19   13.4288464    
          17          20   13.4063673    
          18           1   18.7676544    
          18           2   18.7448673    
          18           3   18.7210732    
          18           4   18.6971607    
          18           5   18.6730614    
          18           6   18.6487007    
          18           7   18.6240063    
          18           8   18.5980721    
          18           9   18.5612984    
          18          10   18.5206242    
          18          11   18.4787521    
          18          12   18.4354439    
          18          13   18.3902893    
          18          14   18.3429089    
          18          15   18.3000774    
          18          16   18.2669334    
          18          17   18.2306538    
          18          18   18.1892509    
          18          19   18.1443901    
          18          20   18.1161880    
          19           1   25.1711445    
          19           2   25.1432991    
          19           3   25.1141129    
          19           4   25.0847778    
          19           5   25.0552177    
          19           6   25.0253277    
          19           7   24.9950256    
          19           8   24.9632187    
          19           9   24.9183769    
          19          10   24.8688297    
          19          11   24.8178139    
          19          12   24.7650375    
          19          13   24.7099876    
          19          14   24.6522255    
          19          15   24.5994835    
          19          16   24.5576286    
          19          17   24.5117855    
          19          18   24.4594688    
          19          19   24.4027138    
          19          20   24.3666935    
          20           1   33.6369553    
          20           2   33.6034927    
          20           3   33.5682526    
          20           4   33.5328445    
          20           5   33.4971428    
          20           6   33.4610405    
          20           7   33.4244347    
          20           8   33.3859291    
          20           9   33.3305321    
          20          10   33.2690849    
          20          11   33.2058067    
          20          12   33.1403389    
          20          13   33.0720367    
          20          14   33.0003662    
          20          15   32.9343147    
          20          16   32.8806801    
          20          17   32.8219070    
          20          18   32.7548218    
          20          19   32.6819992    
          20          20   32.6354866    
          21           1   44.8081055    
          21           2   44.7672997    
          21           3   44.7241287    
          21           4   44.6807251    
          21           5   44.6369781    
          21           6   44.5927353    
          21           7   44.5478706    
          21           8   44.5005379    
          21           9   44.4308395    
          21          10   44.3531837    
          21          11   44.2731972    
          21          12   44.1904488    
          21          13   44.1040955    
          21          14   44.0134735    
          21          15   43.9294052    
          21          16   43.8600311    
          21          17   43.7839851    
          21          18   43.6971703    
          21          19   43.6029053    
          21          20   43.5425339    
          22           1   59.5107498    
          22           2   59.4598618    
          22           3   59.4058304    
          22           4   59.3515244    
          22           5   59.2967720    
          22           6   59.2413979    
          22           7   59.1852417    
          22           8   59.1258698    
          22           9   59.0369492    
          22          10   58.9375839    
          22          11   58.8352356    
          22          12   58.7293205    
          22          13   58.6188011    
          22          14   58.5028114    
          22          15   58.3948288    
          22          16   58.3049736    
          22          17   58.2064514    
          22          18   58.0939751    
          22          19   57.9718704    
          22          20   57.8939133    
          23           1   78.8100815    
          23           2   78.7456284    
          23           3   78.6769943    
          23           4   78.6080322    
          23           5   78.5384903    
          23           6   78.4681625    
          23           7   78.3968277    
          23           8   78.3213272    
          23           9   78.2069702    
          23          10   78.0789337    
          23          11   77.9470215    
          23          12   77.8105392    
          23          13   77.6680984    
          23          14   77.5186081    
          23          15   77.3794861    
          23          16   77.2637634    
          23          17   77.1368866    
          23          18   76.9920044    
          23          19   76.8347549    
          23          20   76.7345505    
          24           1   104.080055    
          24           2   103.997604    
          24           3   103.909676    
          24           4   103.821281    
          24           5   103.732170    
          24           6   103.642021    
          24           7   103.550583    
          24           8   103.453766    
          24           9   103.306595    
          24          10   103.141708    
          24          11   102.971817    
          24          12   102.796059    
          24          13   102.612579    
          24          14   102.420013    
          24          15   102.240959    
          24          16   102.092415    
          24          17   101.929527    
          24          18   101.743546    
          24          19   101.541710    
          24          20   101.413704    
          25           1   137.090500    
          25           2   136.984497    
          25           3   136.871246    
          25           4   136.757431    
          25           5   136.642654    
          25           6   136.526566    
          25           7   136.408829    
          25           8   136.284164    
          25           9   136.095337    
          25          10   135.883926    
          25          11   135.666061    
          25          12   135.440643    
          25          13   135.205353    
          25          14   134.958374    
          25          15   134.729279    
          25          16   134.540268    
          25          17   134.333008    
          25          18   134.096390    
          25          19   133.839783    
          25          20   133.678955    
          26           1   180.114822    
          26           2   179.979202    
          26           3   179.834091    
          26           4   179.688202    
          26           5   179.541153    
          26           6   179.392349    
          26           7   179.241470    
          26           8   179.081787    
          26           9   178.840469    
          26          10   178.570419    
          26          11   178.292114    
          26          12   178.004105    
          26          13   177.703491    
          26          14   177.387939    
          26          15   177.096954    
          26          16   176.860336    
          26          17   176.600998    
          26          18   176.304749    
          26          19   175.983734    
          26          20   175.784561    
          27           1   236.072357    
          27           2   235.899582    
          27           3   235.714386    
          27           4   235.528229    
          27           5   235.340530    
          27           6   235.150620    
          27           7   234.958023    
          27           8   234.754410    
          27           9   234.448929    
          27          10   234.107559    
          27          11   233.755737    
          27          12   233.391693    
          27          13   233.011581    
          27          14   232.612671    
          27          15   232.247147    
          27          16   231.954819    
          27          17   231.634491    
          27          18   231.268631    
          27          19   230.872437    
          27          20   230.630066    
          28           1   308.694336    
          28           2   308.474792    
          28           3   308.239136    
          28           4   308.002228    
          28           5   307.763336    
          28           6   307.521637    
          28           7   307.276459    
          28           8   307.017822    
          28           9   306.635803    
          28          10   306.210052    
          28          11   305.771301    
          28          12   305.317230    
          28          13   304.843018    
          28          14   304.345428    
          28          15   303.892883    
          28          16   303.537933    
          28          17   303.149109    
          28          18   302.704926    
          28          19   302.224274    
          28          20   301.934021    
          29           1   402.722382    
          29           2   402.447815    
          29           3   402.152161    
          29           4   401.854950    
          29           5   401.555298    
          29           6   401.252106    
          29           7   400.944489    
          29           8   400.620636    
          29           9   400.149933    
          29          10   399.626892    
          29          11   399.087738    
          29          12   398.529846    
          29          13   397.947052    
          29          14   397.335510    
          29          15   396.783203    
          29          16   396.357880    
          29          17   395.892242    
          29          18   395.360077    
          29          19   394.784668    
          29          20   394.441559    
          30           1   524.191772    
          30           2   523.853333    
          30           3   523.487549    
          30           4   523.119751    
          30           5   522.749023    
          30           6   522.373779    
          30           7   521.993164    
          30           8   521.593323    
          30           9   521.021729    
          30          10   520.388733    
          30          11   519.736206    
          30          12   519.060791    
          30          13   518.355347    
          30          14   517.614868    
          30          15   516.950317    
          30          16   516.447021    
          30          17   515.896118    
          30          18   515.266479    
          30          19   514.586121    
          30          20   514.186951    
          31           1   680.723938    
          31           2   680.313171    
          31           3   679.866943    
          31           4   679.418335    
          31           5   678.965942    
          31           6   678.507996    
          31           7   678.043640    
          31           8   677.556763    
          31           9   676.871521    
          31          10   676.115417    
          31          11   675.335571    
          31          12   674.528564    
          31          13   673.685120    
          31          14   672.800232    
          31          15   672.010925    
          31          16   671.423889    
          31          17   670.781555    
          31          18   670.046936    
          31          19   669.254089    
          31          20   668.797058    
          32           1   881.891479    
          32           2   881.401367    
          32           3   880.865540    
          32           4   880.326355    
          32           5   879.782898    
          32           6   879.232971    
          32           7   878.675110    
          32           8   878.091064    
          32           9   877.280884    
          32          10   876.389038    
          32          11   875.469360    
          32          12   874.517212    
          32          13   873.522339    
          32          14   872.478210    
          32          15   871.553650    
          32          16   870.880127    
          32          17   870.143311    
          32          18   869.300903    
          32          19   868.393188    
          32          20   867.888550    
          33           1   1139.64490    
          33           2   1139.06738    
          33           3   1138.43030    
          33           4   1137.78992    
          33           5   1137.14417    
          33           6   1136.49072    
          33           7   1135.82764    
          33           8   1135.13464    
          33           9   1134.18774    
          33          10   1133.14893    
          33          11   1132.07727    
          33          12   1130.96802    
          33          13   1129.80835    
          33          14   1128.59192    
          33          15   1127.52808    
          33          16   1126.78210    
          33          17   1125.96704    
          33          18   1125.03406    
          33          19   1124.03162    
          33          20   1123.49817    
          34           1   1468.73413    
          34           2   1468.06250    
          34           3   1467.31519    
          34           4   1466.56372    
          34           5   1465.80591    
          34           6   1465.03882    
          34           7   1464.26025    
          34           8   1463.44922    
          34           9   1462.36401    
          34          10   1461.17896    
          34          11   1459.95593    
          34          12   1458.69043    
          34          13   1457.36633    
          34          14   1455.97766    
          34          15   1454.78320    
          34          16   1453.98718    
          34          17   1453.11890    
          34          18   1452.12427    
          34          19   1451.05786    
          34          20   1450.51587    
          35           1   1887.20508    
          35           2   1886.43823    
          35           3   1885.57385    
          35           4   1884.70459    
          35           5   1883.82776    
          35           6   1882.94055    
          35           7   1882.04028    
          35           8   1881.10571    
          35           9   1879.89673    
          35          10   1878.58691    
          35          11   1877.23486    
          35          12   1875.83569    
          35          13   1874.37073    
          35          14   1872.83508    
          35          15   1871.53394    
          35          16   1870.70825    
          35          17   1869.80957    
          35          18   1868.77930    
          35          19   1867.67529    
          35          20   1867.13721    
          36           1   2416.91479    
          36           2   2416.05908    
          36           3   2415.07910    
          36           4   2414.09351    
          36           5   2413.10010    
          36           6   2412.09375    
          36           7   2411.07251    
          36           8   2410.01855    
          36           9   2408.71680    
          36          10   2407.32227    
          36          11   2405.88159    
          36          12   2404.39111    
          36          13   2402.83008    
          36          14   2401.19434    
          36          15   2399.81836    
          36          16   2398.97070    
          36          17   2398.04834    
          36          18   2396.98950    
          36          19   2395.85669    
          36          20   2395.32471    
          37           1   3083.88281    
          37           2   3082.97656    
          37           3   3081.91162    
          37           4   3080.84009    
          37           5   3079.76025    
          37           6   3078.66675    
          37           7   3077.55640    
          37           8   3076.41504    
          37           9   3075.05322    
          37          10   3073.60669    
          37          11   3072.11157    
          37          12   3070.56543    
          37          13   3068.94385    
          37          14   3067.24634    
          37          15   3065.82007    
          37          16   3064.94434    
          37          17   3063.99243    
          37          18   3062.89868    
          37          19   3061.72925    
          37          20   3061.20386    
          38           1   3918.81787    
          38           2   3917.90039    
          38           3   3916.78198    
          38           4   3915.65747    
          38           5   3914.52344    
          38           6   3913.37427    
          38           7   3912.20898    
          38           8   3911.01294    
          38           9   3909.60571    
          38          10   3908.11963    
          38          11   3906.58301    
          38          12   3904.99414    
          38          13   3903.32593    
          38          14   3901.58105    
          38          15   3900.11035    
          38          16   3899.19800    
          38          17   3898.20605    
          38          18   3897.06494    
          38          19   3895.84595    
          38          20   3895.32861    
          39           1   4956.92871    
          39           2   4956.03223    
          39           3   4954.88379    
          39           4   4953.72754    
          39           5   4952.56299    
          39           6   4951.38281    
          39           7   4950.18408    
          39           8   4948.95605    
          39           9   4947.50293    
          39          10   4945.96826    
          39          11   4944.38135    
          39          12   4942.74072    
          39          13   4941.01562    
          39          14   4939.21484    
          39          15   4937.68945    
          39          16   4936.73096    
          39          17   4935.69141    
          39          18   4934.49219    
          39          19   4933.21289    
          39          20   4932.70850    
          40           1   6237.36768    
          40           2   6236.50244    
          40           3   6235.32031    
          40           4   6234.13281    
          40           5   6232.93457    
          40           6   6231.72119    
          40           7   6230.48926    
          40           8   6229.22705    
          40           9   6227.71484    
          40          10   6226.11572    
          40          11   6224.46143    
          40          12   6222.75195    
          40          13   6220.95215    
          40          14   6219.07568    
          40          15   6217.48193    
          40          16   6216.47266    
          40          17   6215.37646    
          40          18   6214.11182    
          40          19   6212.76416    
          40          20   6212.28320    
          41           1   7802.48926    
          41           2   7801.66113    
          41           3   7800.43701    
          41           4   7799.20654    
          41           5   7797.96533    
          41           6   7796.70654    
          41           7   7795.42871    
          41           8   7794.11963    
          41           9   7792.53369    
          41          10   7790.85742    
          41          11   7789.12012    
          41          12   7787.32764    
          41          13   7785.43604    
          41          14   7783.46729    
          41          15   7781.79199    
          41          16   7780.72949    
          41          17   7779.57617    
          41          18   7778.24121    
          41          19   7776.82471    
          41          20   7776.38525    
          42           1   9696.07715    
          42           2   9695.28516    
          42           3   9694.00391    
          42           4   9692.71484    
          42           5   9691.41504    
          42           6   9690.09473    
          42           7   9688.75781    
          42           8   9687.38574    
          42           9   9685.71680    
          42          10   9683.95117    
          42          11   9682.12207    
          42          12   9680.23438    
          42          13   9678.23730    
          42          14   9676.16602    
          42          15   9674.40625    
          42          16   9673.29980    
          42          17   9672.09961    
          42          18   9670.70703    
          42          19   9669.23535    
          42          20   9668.86914    
          43           1   11961.1738    
          43           2   11960.4307    
          43           3   11959.0811    
          43           4   11957.7275    
          43           5   11956.3613    
          43           6   11954.9736    
          43           7   11953.5645    
          43           8   11952.1279    
          43           9   11950.3682    
          43          10   11948.5137    
          43          11   11946.5859    
          43          12   11944.6006    
          43          13   11942.4961    
          43          14   11940.3184    
          43          15   11938.4805    
          43          16   11937.3555    
          43          17   11936.1367    
          43          18   11934.7217    
          43          19   11933.2295    
          43          20   11932.9824    
          44           1   14637.6113    
          44           2   14636.9258    
          44           3   14635.5020    
          44           4   14634.0723    
          44           5   14632.6309    
          44           6   14631.1660    
          44           7   14629.6797    
          44           8   14628.1660    
          44           9   14626.3262    
          44          10   14624.3965    
          44          11   14622.3916    
          44          12   14620.3252    
          44          13   14618.1348    
          44          14   14615.8682    
          44          15   14613.9775    
          44          16   14612.8711    
          44          17   14611.6768    
          44          18   14610.2822    
          44          19   14608.8242    
          44          20   14608.7441    
          45           1   17757.6270    
          45           2   17757.0273    
          45           3   17755.5293    
          45           4   17754.0273    
          45           5   17752.5117    
          45           6   17750.9707    
          45           7   17749.4062    
          45           8   17747.8203    
          45           9   17745.9336    
          45          10   17743.9785    
          45          11   17741.9395    
          45          12   17739.8418    
          45          13   17737.6094    
          45          14   17735.3125    
          45          15   17733.4180    
          45          16   17732.3555    
          45          17   17731.2246    
          45          18   17729.8945    
          45          19   17728.5117    
          45          20   17728.6289    
          46           1   21344.0801    
          46           2   21343.6016    
          46           3   21342.0547    
          46           4   21340.4961    
          46           5   21338.9297    
          46           6   21337.3320    
          46           7   21335.7070    
          46           8   21334.0762    
          46           9   21332.1973    
          46          10   21330.2773    
          46          11   21328.2676    
          46          12   21326.2070    
          46          13   21324.0000    
          46          14   21321.7402    
          46          15   21319.8945    
          46          16   21318.9043    
          46          17   21317.8477    
          46          18   21316.5938    
          46          19   21315.3086    
          46          20   21315.6543    
          47           1   25405.3301    
          47           2   25405.0508    
          47           3   25403.4863    
          47           4   25401.9238    
          47           5   25400.3457    
          47           6   25398.7383    
          47           7   25397.1074    
          47           8   25395.4727    
          47           9   25393.6602    
          47          10   25391.8262    
          47          11   25389.9062    
          47          12   25387.9453    
          47          13   25385.8301    
          47          14   25383.6816    
          47          15   25381.9238    
          47          16   25380.9980    
          47          17   25380.0078    
          47          18   25378.8281    
          47          19   25377.6250    
          47          20   25378.2168    
          48           1   29936.0254    
          48           2   29936.0156    
          48           3   29934.5020    
          48           4   29932.9805    
          48           5   29931.4492    
          48           6   29929.8945    
          48           7   29928.3086    
          48           8   29926.7363    
          48           9   29925.0117    
          48          10   29923.2969    
          48          11   29921.4941    
          48          12   29919.6543    
          48          13   29917.6641    
          48          14   29915.6523    
          48          15   29914.0039    
          48          16   29913.1289    
          48          17   29912.2090    
          48          18   29911.0879    
          48          19   29909.9688    
          48          20   29910.8105    
          49           1   34914.7695    
          49           2   34915.0977    
          49           3   34913.6680    
          49           4   34912.2383    
          49           5   34910.8008    
          49           6   34909.3203    
          49           7   34907.8359    
          49           8   34906.3555    
          49           9   34904.7227    
          49          10   34903.1289    
          49          11   34901.4414    
          49          12   34899.7266    
          49          13   34897.8516    
          49          14   34895.9766    
          49          15   34894.4297    
          49          16   34893.6055    
          49          17   34892.7383    
          49          18   34891.6797    
          49          19   34890.6289    
          49          20   34891.7578    
          50           1   40308.4961    
          50           2   40309.1797    
          50           3   40307.8438    
          50           4   40306.5156    
          50           5   40305.1680    
          50           6   40303.7891    
          50           7   40302.3945    
          50           8   40301.0117    
          50           9   40299.4805    
          50          10   40297.9883    
          50          11   40296.4023    
          50          12   40294.8008    
          50          13   40293.0234    
          50          14   40291.2695    
          50          15   40289.8203    
          50          16   40289.0391    
          50          17   40288.2266    
          50          18   40287.2109    
          50          19   40286.2305    
          50          20   40287.6602    
          51           1   46073.2539    
          51           2   46074.3086    
          51           3   46073.0586    
          51           4   46071.8086    
          51           5   46070.5430    
          51           6   46069.2500    
          51           7   46067.9336    
          51           8   46066.6602    
          51           9   46065.2031    
          51          10   46063.8008    
          51          11   46062.3086    
          51          12   46060.8086    
          51          13   46059.1250    
          51          14   46057.4805    
          51          15   46056.1172    
          51          16   46055.3789    
          51          17   46054.6211    
          51          18   46053.6523    
          51          19   46052.7305    
          51          20   46054.4648    
          52           1   52165.0703    
          52           2   52166.5234    
          52           3   52165.3359    
          52           4   52164.1562    
          52           5   52162.9688    
          52           6   52161.7461    
          52           7   52160.5117    
          52           8   52159.3242    
          52           9   52157.9336    
          52          10   52156.6172    
          52          11   52155.2109    
          52          12   52153.7969    
          52          13   52152.1953    
          52          14   52150.6562    
          52          15   52149.3672    
          52          16   52148.6719    
          52          17   52147.9609    
          52          18   52147.0273    
          52          19   52146.1719    
          52          20   52148.2227    
          53           1   58541.3984    
          53           2   58543.2305    
          53           3   58542.0977    
          53           4   58540.9922    
          53           5   58539.8867    
          53           6   58538.7305    
          53           7   58537.5586    
          53           8   58536.4375    
          53           9   58535.1211    
          53          10   58533.8906    
          53          11   58532.5508    
          53          12   58531.2227    
          53          13   58529.6875    
          53          14   58528.2500    
          53          15   58527.0312    
          53          16   58526.3633    
          53          17   58525.6914    
          53          18   58524.7969    
          53          19   58523.9922    
          53          20   58526.3711    
          54           1   65173.3086    
          54           2   65175.5234    
          54           3   65174.4648    
          54           4   65173.4219    
          54           5   65172.3789    
          54           6   65171.2891    
          54           7   65170.1836    
          54           8   65169.1367    
          54           9   65167.8633    
          54          10   65166.7070    
          54          11   65165.4492    
          54          12   65164.1992    
          54          13   65162.7305    
          54          14   65161.3789    
          54          15   65160.2266    
          54          16   65159.5703    
          54          17   65158.9258    
          54          18   65158.0430    
          54          19   65157.2617    
          54          20   65159.9883    
          55           1   72045.9453    
          55           2   72048.5547    
          55           3   72047.5703    
          55           4   72046.5781    
          55           5   72045.5859    
          55           6   72044.5469    
          55           7   72043.4922    
          55           8   72042.5234    
          55           9   72041.3047    
          55          10   72040.2031    
          55          11   72039.0000    
          55          12   72037.8125    
          55          13   72036.4062    
          55          14   72035.1328    
          55          15   72034.0156    
          55          16   72033.3672    
          55          17   72032.7344    
          55          18   72031.8438    
          55          19   72031.0625    
          55          20   72034.1172    
          56           1   79167.7656    
          56           2   79170.7891    
          56           3   79169.8594    
          56           4   79168.9219    
          56           5   79167.9688    
          56           6   79167.0000    
          56           7   79165.9844    
          56           8   79165.0859    
          56           9   79163.8984    
          56          10   79162.8359    
          56          11   79161.6875    
          56          12   79160.5625    
          56          13   79159.1562    
          56          14   79157.9453    
          56          15   79156.8594    
          56          16   79156.1953    
          56          17   79155.5312    
          56          18   79154.6172    
          56          19   79153.8125    
          56          20   79157.1953    
          57           1   86564.3281    
          57           2   86567.7656    
          57           3   86566.8594    
          57           4   86565.9688    
          57           5   86565.1094    
          57           6   86564.1562    
          57           7   86563.1953    
          57           8   86562.3359    
          57           9   86561.1484    
          57          10   86560.1328    
          57          11   86558.9375    
          57          12   86557.8281    
          57          13   86556.4297    
          57          14   86555.2344    
          57          15   86554.1406    
          57          16   86553.4375    
          57          17   86552.7578    
          57          18   86551.8047    
          57          19   86550.9922    
          57          20   86554.6875    
          58           1   94282.8594    
          58           2   94286.7031    
          58           3   94285.8047    
          58           4   94284.9375    
          58           5   94284.0391    
          58           6   94283.1328    
          58           7   94282.2109    
          58           8   94281.3516    
          58           9   94280.1406    
          58          10   94279.1016    
          58          11   94277.8906    
          58          12   94276.7578    
          58          13   94275.3438    
          58          14   94274.1328    
          58          15   94272.9922    
          58          16   94272.2422    
          58          17   94271.5156    
          58          18   94270.4766    
          58          19   94269.6172    
          58          20   94273.6562    
          59           1   102387.172    
          59           2   102391.422    
          59           3   102390.516    
          59           4   102389.625    
          59           5   102388.781    
          59           6   102387.852    
          59           7   102386.891    
          59           8   102386.055    
          59           9   102384.820    
          59          10   102383.711    
          59          11   102382.461    
          59          12   102381.273    
          59          13   102379.781    
          59          14   102378.500    
          59          15   102377.336    
          59          16   102376.531    
          59          17   102375.711    
          59          18   102374.578    
          59          19   102373.641    
          59          20   102378.008    
          60           1   110956.531    
          60           2   110961.188    
          60           3   110960.258    
          60           4   110959.359    
          60           5   110958.453    
          60           6   110957.508    
          60           7   110956.539    
          60           8   110955.680    
          60           9   110954.352    
          60          10   110953.203    
          60          11   110951.859    
          60          12   110950.602    
          60          13   110948.992    
          60          14   110947.625    
          60          15   110946.367    
          60          16   110945.445    
          60          17   110944.523    
          60          18   110943.266    
          60          19   110942.180    
          60          20   110946.828    
