ID,V,RA_h,RA_m,RA_s,Dec_d,Dec_m,Dec_s,v_helio,v_err,RTD
100,17.58,17,20,52.10,+57,59,47.8,-294.43,0.90,12.5
101,18.40,17,19,20.05,+57,59,43.1,-306.59,2.13,4.3
104,18.11,17,21,56.99,+57,59,33.9,-314.16,5.37,1.6
105,17.51,17,19,51.86,+57,59,17.9,-302.99,0.76,15.2
106,17.18,17,19,10.88,+57,59,17.2,-297.17,0.72,15.4
107,18.54,17,19,56.45,+57,59,16.1,-294.55,3.06,2.9
109,17.20,17,18,42.30,+57,59,10.0,-290.49,0.77,14.2
111,17.69,17,20,17.06,+57,59,02.1,-304.97,1.37,7.5
112,18.40,17,17,38.60,+57,58,54.1,-285.65,3.42,2.5
115,17.46,17,19,35.51,+57,58,46.6,-282.60,1.04,11.3
116,17.26,17,19,42.44,+57,58,37.7,-293.36,3.07,2.4
117,19.07,17,21,36.85,+57,58,37.1,-303.84,2.97,2.3
121,18.78,17,20,41.10,+57,58,25.7,-295.70,2.20,3.8
122,18.48,17,20,34.12,+57,58,22.7,-296.04,1.81,5.4
123,18.46,17,20,10.54,+57,58,20.9,-272.80,1.25,8.1
125,18.11,17,20,53.77,+57,58,12.6,-288.64,1.36,8.2
129,19.32,17,20,33.53,+57,58,06.2,-286.38,3.40,1.8
13,18.85,17,18,06.88,+58,15,55.5,-289.49,4.75,1.1
130,18.14,17,20,31.22,+57,58,05.5,-302.57,1.33,7.7
134,17.64,17,20,05.74,+57,57,52.7,-284.28,0.82,13.9
136,19.29,17,18,25.19,+57,57,45.6,-302.00,2.66,2.7
138,18.90,17,22,43.71,+57,57,30.8,-279.77,1.76,5.8
14,18.26,17,19,16.94,+58,15,50.8,-290.17,1.81,5.2
140,19.69,17,20,55.57,+57,57,20.5,-269.48,8.27,1.4
141,19.06,17,22,18.65,+57,57,19.4,-281.89,2.49,3.5
145,17.40,17,21,03.60,+57,57,08.3,-287.75,0.69,16.2
146,18.60,17,20,24.57,+57,57,08.2,-290.76,1.51,6.6
149,18.22,17,20,01.66,+57,57,04.6,-296.58,1.18,8.9
151,17.76,17,19,57.99,+57,56,58.4,-292.71,1.11,10.1
153,19.64,17,21,38.81,+57,56,57.3,-285.46,4.48,1.2
154,17.69,17,20,27.42,+57,56,52.4,-291.41,0.80,13.0
158,19.20,17,20,11.09,+57,56,45.7,-278.82,2.27,3.7
16,17.22,17,21,02.26,+58,15,38.3,-277.35,0.89,12.2
160,18.37,17,19,50.11,+57,56,40.7,-281.15,2.46,3.7
163,18.43,17,22,11.25,+57,56,33.2,-311.32,1.92,4.6
164,19.27,17,18,45.70,+57,56,29.3,-287.29,3.45,2.1
166,17.61,17,19,36.06,+57,56,29.0,-288.50,0.68,16.9
168,19.01,17,20,14.84,+57,56,25.6,-286.26,3.36,2.3
171,18.61,17,21,17.93,+57,56,21.4,-291.42,1.76,5.4
173,18.66,17,20,40.35,+57,56,18.2,-292.09,1.46,6.9
174,18.40,17,19,53.52,+57,56,16.5,-295.86,1.38,7.5
176,18.32,17,20,17.07,+57,56,12.3,-295.03,1.14,9.4
177,19.52,17,22,06.60,+57,56,10.4,-302.82,4.23,2.0
18,18.69,17,21,42.56,+58,14,33.1,-276.97,4.35,2.4
184,18.37,17,21,03.26,+57,55,59.4,-290.53,0.84,13.2
185,18.18,17,17,55.41,+57,55,59.0,-291.46,1.27,7.8
186,18.95,17,19,26.83,+57,55,51.8,-279.99,1.77,5.0
187,19.18,17,21,41.83,+57,55,50.9,-283.17,2.86,2.7
189,17.83,17,18,57.81,+57,55,46.3,-296.67,1.22,8.4
192,18.57,17,19,22.97,+57,55,30.8,-280.06,1.68,5.7
197,19.06,17,20,24.16,+57,55,15.6,-289.69,2.10,4.2
198,17.81,17,19,45.19,+57,55,14.4,-297.05,0.89,12.8
199,19.84,17,18,24.05,+57,55,08.1,-303.03,5.46,1.4
201,18.36,17,19,57.37,+57,55,04.8,-306.26,1.88,5.5
203,19.64,17,20,15.90,+57,55,02.9,-303.53,5.17,1.1
205,19.10,17,20,44.74,+57,54,59.9,-293.71,3.94,2.2
206,19.25,17,21,35.42,+57,54,59.5,-296.36,2.90,2.4
208,17.85,17,19,41.21,+57,54,56.8,-285.52,0.82,14.0
212,18.73,17,20,25.02,+57,54,50.8,-277.27,1.40,6.4
216,17.89,17,20,53.79,+57,54,40.8,-284.47,1.09,9.8
219,18.31,17,18,44.56,+57,54,38.3,-284.47,1.24,8.9
220,18.96,17,19,10.33,+57,54,37.7,-295.81,2.44,3.4
222,18.34,17,19,57.73,+57,54,35.3,-296.41,1.04,10.4
223,18.83,17,20,07.52,+57,54,32.8,-299.08,1.89,4.8
224,18.09,17,19,17.65,+57,54,32.4,-289.52,1.36,7.7
23,18.43,17,20,14.55,+58,12,51.4,-301.23,2.11,4.2
230,17.66,17,19,40.04,+57,54,24.9,-304.72,0.74,15.2
233,17.77,17,18,57.66,+57,54,14.3,-278.58,1.14,8.8
236,19.21,17,17,56.52,+57,54,00.7,-287.88,3.09,2.4
240,17.47,17,22,10.75,+57,53,57.4,-324.43,0.63,16.2
245,18.23,17,19,55.86,+57,53,48.8,-293.61,1.43,7.3
248,18.28,17,20,15.77,+57,53,43.5,-298.30,1.30,8.2
250,18.65,17,21,49.22,+57,53,37.2,-291.54,2.04,4.7
253,17.56,17,20,34.22,+57,53,32.1,-286.16,0.94,12.5
254,19.64,17,19,56.29,+57,53,29.7,-296.04,4.48,1.1
255,19.02,17,20,41.62,+57,53,16.8,-285.73,3.64,1.9
259,18.00,17,20,17.01,+57,53,12.4,-290.06,1.14,10.2
262,17.39,17,22,13.68,+57,53,06.7,-300.23,0.77,14.6
265,18.68,17,19,57.10,+57,52,58.1,-272.54,1.68,5.7
270,19.04,17,21,13.88,+57,52,46.0,-280.86,3.38,2.7
272,18.48,17,19,56.66,+57,52,43.0,-295.53,1.38,8.3
273,18.18,17,20,06.97,+57,52,37.3,-274.88,3.88,2.0
275,17.53,17,19,13.51,+57,52,33.6,-286.74,0.99,11.4
276,19.10,17,18,31.14,+57,52,28.1,-302.25,4.23,1.2
277,19.56,17,20,45.61,+57,52,24.8,-302.09,5.58,0.8
278,18.54,17,19,56.98,+57,52,23.1,-272.94,1.93,5.1
279,18.29,17,21,14.27,+57,52,22.5,-290.85,1.34,7.9
281,19.51,17,20,13.23,+57,52,19.8,-291.10,4.74,1.4
284,17.15,17,18,10.43,+57,52,09.2,-306.42,0.55,19.3
285,17.63,17,20,13.59,+57,51,59.4,-294.22,1.11,10.1
286,18.35,17,20,20.44,+57,51,58.4,-292.34,1.10,9.8
287,18.65,17,20,56.73,+57,51,57.5,-292.73,2.43,3.9
288,19.13,17,19,13.94,+57,51,55.2,-298.03,2.31,3.4
29,18.49,17,18,05.77,+58,11,22.0,-286.57,1.91,4.3
291,18.50,17,18,30.61,+57,51,47.0,-283.07,2.46,3.9
293,18.89,17,20,44.60,+57,51,39.7,-288.47,3.49,2.3
295,18.04,17,19,53.13,+57,51,38.0,-303.70,1.06,8.8
297,18.82,17,20,02.03,+57,51,30.5,-312.78,1.71,5.6
299,17.38,17,19,36.37,+57,51,25.1,-280.42,0.77,14.5
3,18.78,17,20,36.06,+58,23,40.8,-292.36,7.86,1.6
30,19.39,17,20,24.22,+58,11,20.5,-328.94,4.82,1.6
301,18.26,17,20,39.90,+57,51,15.4,-282.95,1.31,8.1
302,17.92,17,20,51.00,+57,51,09.8,-282.19,1.02,8.9
304,19.74,17,21,22.25,+57,51,03.9,-284.71,4.53,0.8
305,18.96,17,19,18.69,+57,51,03.7,-293.41,4.19,1.9
306,19.41,17,19,23.31,+57,51,01.4,-289.71,3.04,2.6
308,18.26,17,19,49.43,+57,51,00.7,-276.42,0.89,11.3
309,18.04,17,18,32.90,+57,50,56.4,-289.93,1.25,8.4
310,18.30,17,20,31.72,+57,50,55.2,-285.32,1.07,10.3
311,18.18,17,20,13.45,+57,50,51.8,-283.24,0.92,12.2
312,18.71,17,20,39.77,+57,50,50.2,-301.66,3.50,2.2
315,17.58,17,20,33.59,+57,50,19.7,-277.00,2.20,3.6
316,18.11,17,20,05.43,+57,50,18.3,-288.99,1.33,7.6
317,17.56,17,21,30.33,+57,50,16.4,-304.75,1.07,9.5
318,18.89,17,19,22.60,+57,50,13.1,-300.34,2.20,4.6
319,18.82,17,19,32.88,+57,49,49.0,-289.04,3.27,2.4
320,18.17,17,20,11.71,+57,49,36.5,-294.10,1.36,7.8
324,17.63,17,20,21.19,+57,49,27.3,-294.40,0.77,14.8
325,19.34,17,19,37.77,+57,49,18.7,-292.68,5.12,1.5
328,18.64,17,19,20.05,+57,49,04.9,-295.53,1.30,8.3
329,18.52,17,20,45.48,+57,49,00.3,-282.97,1.12,10.0
330,17.58,17,18,58.35,+57,48,57.7,-300.03,0.68,16.4
331,19.36,17,20,02.86,+57,48,57.3,-284.27,2.65,3.1
333,19.44,17,20,16.57,+57,48,40.5,-288.42,3.89,1.7
334,17.24,17,19,47.77,+57,48,36.7,-280.52,0.82,14.0
336,19.67,17,20,59.09,+57,48,16.2,-290.32,4.08,1.6
337,18.62,17,19,34.74,+57,48,05.3,-294.50,2.40,3.8
338,19.14,17,22,33.56,+57,48,04.0,-275.44,3.12,2.7
339,18.41,17,21,10.47,+57,47,53.5,-307.50,1.40,7.4
342,17.41,17,21,40.41,+57,47,32.3,-293.20,0.79,13.8
343,18.80,17,20,59.36,+57,47,22.1,-301.45,1.84,4.8
344,18.78,17,20,34.57,+57,47,17.9,-272.26,3.17,2.6
345,19.14,17,19,04.39,+57,47,08.9,-294.31,3.24,2.2
346,17.88,17,20,40.25,+57,47,07.2,-299.63,2.37,3.9
350,17.94,17,19,03.66,+57,46,42.7,-282.53,1.88,5.3
351,18.02,17,21,39.42,+57,46,40.4,-310.59,1.32,7.7
352,18.86,17,21,00.24,+57,46,38.0,-303.39,1.73,5.5
354,17.81,17,20,09.82,+57,46,29.7,-293.85,0.82,13.4
356,18.44,17,19,34.43,+57,46,11.9,-286.53,1.45,6.2
357,18.98,17,20,18.66,+57,46,01.5,-304.12,1.62,6.0
358,19.01,17,22,27.17,+57,45,54.7,-294.71,2.07,4.3
362,18.90,17,22,03.68,+57,45,07.5,-287.88,1.85,5.3
363,18.82,17,20,55.60,+57,44,34.7,-304.18,2.75,2.7
365,19.15,17,18,56.16,+57,43,45.7,-281.69,3.71,1.8
368,18.41,17,18,13.07,+57,42,46.8,-286.95,2.34,3.4
371,18.03,17,17,46.21,+57,42,22.0,-299.06,0.93,10.6
374,19.45,17,18,50.95,+57,41,37.7,-288.88,4.98,1.2
375,17.68,17,22,03.80,+57,41,28.9,-294.16,2.26,4.0
376,19.50,17,17,33.69,+57,41,02.1,-296.79,3.34,1.8
378,19.88,17,21,03.78,+57,39,54.6,-284.27,3.38,2.4
383,17.93,17,18,43.05,+57,38,50.1,-296.48,0.76,14.2
385,18.71,17,20,51.24,+57,38,14.6,-306.37,1.99,5.0
386,18.26,17,21,10.23,+57,38,02.7,-307.98,2.59,3.3
39,19.35,17,18,45.87,+58,07,32.7,-265.70,4.57,1.8
400,17.99,17,19,31.97,+57,33,35.3,-309.02,1.78,4.3
401,19.66,17,19,55.18,+57,33,00.7,-272.36,4.30,1.1
43,18.41,17,19,53.89,+58,06,44.1,-277.69,1.47,7.0
47,18.24,17,17,58.39,+58,05,58.6,-297.89,3.37,2.4
48,19.49,17,20,32.16,+58,05,39.9,-280.82,3.57,1.9
49,18.87,17,20,23.76,+58,05,24.2,-309.12,2.50,3.4
50,19.12,17,19,37.13,+58,05,20.1,-274.43,2.59,3.7
52,19.13,17,21,05.85,+58,04,55.0,-290.10,3.88,1.6
55,17.32,17,17,38.58,+58,04,38.4,-267.13,0.81,12.4
57,17.23,17,18,52.15,+58,04,13.0,-295.45,0.75,15.8
62,17.44,17,19,12.30,+58,02,57.8,-291.15,1.11,10.0
63,18.91,17,19,36.67,+58,02,50.4,-290.18,2.44,3.6
64,19.09,17,20,06.08,+58,02,50.3,-277.76,4.05,1.5
66,19.25,17,20,56.62,+58,02,35.2,-283.19,2.53,3.5
68,19.17,17,21,22.32,+58,02,15.7,-307.75,2.30,4.4
69,18.24,17,21,04.89,+58,02,01.2,-298.34,1.34,7.7
70,18.34,17,19,21.85,+58,01,52.3,-295.77,1.22,8.5
71,17.26,17,18,08.10,+58,01,46.7,-310.44,0.50,21.8
74,19.02,17,20,01.59,+58,01,33.7,-295.27,1.21,8.4
75,18.88,17,19,57.95,+58,01,20.1,-307.67,3.89,1.6
76,19.77,17,22,02.34,+58,01,17.4,-296.01,5.35,1.4
79,18.78,17,20,18.03,+58,01,12.1,-287.73,2.68,3.5
80,19.62,17,21,07.79,+58,01,09.5,-313.54,4.07,0.8
83,19.08,17,21,37.81,+58,00,52.5,-282.70,3.37,2.5
84,18.79,17,18,35.67,+58,00,50.1,-289.61,3.30,2.4
85,18.40,17,19,21.76,+58,00,40.6,-275.48,1.49,7.0
86,18.85,17,20,15.27,+58,00,35.1,-296.57,1.61,6.5
92,19.09,17,19,07.79,+58,00,19.8,-287.45,3.26,3.0
93,19.13,17,22,06.12,+58,00,12.0,-289.21,3.19,2.3
96,17.73,17,20,34.81,+57,59,56.9,-297.70,0.70,17.0
98,17.39,17,20,47.82,+57,59,55.6,-294.30,0.91,12.7
99,18.37,17,18,41.42,+57,59,52.1,-262.99,1.85,5.7
